                        insee   tH2_obs  capeinsSOL0   ciwcH20   clwcH20  \
insee            1.000000e+00 -0.211111    -0.094631  0.023986  0.024459   
tH2_obs         -2.111113e-01  1.000000     0.463382 -0.100901 -0.133219   
capeinsSOL0     -9.463080e-02  0.463382     1.000000 -0.019803 -0.055922   
ciwcH20          2.398590e-02 -0.100901    -0.019803  1.000000  0.176259   
clwcH20          2.445869e-02 -0.133219    -0.055922  0.176259  1.000000   
ddH10_rose4      5.319822e-02 -0.053799    -0.000967  0.000183 -0.008672   
ffH10           -4.246795e-03  0.016637     0.012667 -0.037615 -0.132005   
flir1SOL0        1.608959e-01 -0.342637    -0.176682  0.050713  0.212446   
fllat1SOL0       9.756810e-02 -0.428688    -0.363437  0.028433  0.096788   
flsen1SOL0      -5.696675e-02 -0.409895    -0.311985  0.009143  0.031858   
flvis1SOL0      -6.486521e-02  0.472674     0.343919 -0.026670 -0.082832   
hcoulimSOL0      9.912421e-02  0.224363     0.223955 -0.038957 -0.116178   
huH2             9.412429e-02 -0.506286    -0.204685  0.057515  0.209615   
iwcSOL0          3.540978e-02 -0.117862    -0.023995  0.127158  0.016422   
nbSOL0_HMoy      1.424334e-01 -0.229741    -0.073581  0.065137  0.229401   
nH20             4.377061e-02 -0.174947    -0.071431  0.247127  0.885828   
ntSOL0_HMoy      1.196304e-01 -0.108349    -0.008743  0.033485  0.119966   
pMER0            1.657026e-02 -0.112574    -0.166890  0.050951  0.074371   
rr1SOL0         -5.708377e-03  0.004143     0.044087 -0.007274 -0.022016   
rrH20           -1.656073e-03 -0.005433     0.051377 -0.006383 -0.021724   
tH2             -2.525984e-01  0.967789     0.474389 -0.099509 -0.147908   
tH2_VGrad_2.100 -9.448218e-03 -0.370533    -0.246609  0.054597  0.089173   
tH2_XGrad       -1.760106e-01 -0.111968    -0.108304 -0.011189 -0.020856   
tH2_YGrad        3.077078e-01  0.073954     0.045606 -0.004097 -0.000255   
tpwHPA850       -1.752948e-01  0.801102     0.377323 -0.068036 -0.032637   
ux1H10           1.220331e-01 -0.092743    -0.014778 -0.008143 -0.044509   
vapcSOL0        -1.116411e-01  0.694239     0.413697 -0.064799 -0.060464   
vx1H10           1.099614e-01 -0.035649    -0.017839  0.004061  0.008487   
ech             -3.196987e-18  0.001340    -0.022208 -0.013411 -0.018528   
insee_31069001  -2.331450e-01  0.055110     0.045493 -0.011031 -0.009240   
insee_33281001  -1.929519e-01  0.047240     0.023211 -0.005928  0.015138   
insee_35281001  -1.566111e-01 -0.068845    -0.051956  0.003156  0.029817   
insee_59343001   2.806062e-01 -0.117640    -0.048278  0.002028 -0.004773   
insee_67124001   4.219904e-01 -0.103173    -0.007965  0.046592  0.057088   
insee_75114001   5.671722e-01 -0.023819    -0.047368 -0.015460 -0.039276   
mois_avril       1.691992e-17 -0.006052    -0.002258 -0.014890 -0.027843   
mois_décembre    1.355361e-17 -0.188423    -0.110358  0.047452  0.041837   
mois_février    -2.546606e-21 -0.297495    -0.088779  0.022441 -0.019273   
mois_janvier     2.799000e-21 -0.308720    -0.108316  0.036069  0.043613   
mois_juillet    -2.164586e-17  0.306271     0.186975 -0.011188 -0.029004   
mois_juin       -6.514268e-18  0.212116     0.123806 -0.010218 -0.032121   
mois_mai        -1.656479e-17  0.150808     0.057921 -0.016580 -0.032002   
mois_mars        2.799000e-21 -0.193782    -0.090355 -0.010172 -0.018588   
mois_novembre    4.203297e-22 -0.050395    -0.072173 -0.011191  0.072201   
mois_octobre     1.355361e-17  0.071671    -0.031194 -0.013566  0.037036   
mois_septembre  -2.196354e-22  0.208100     0.054759 -0.012662 -0.007945   

                 ddH10_rose4     ffH10  flir1SOL0  fllat1SOL0  flsen1SOL0  \
insee               0.053198 -0.004247   0.160896    0.097568   -0.056967   
tH2_obs            -0.053799  0.016637  -0.342637   -0.428688   -0.409895   
capeinsSOL0        -0.000967  0.012667  -0.176682   -0.363437   -0.311985   
ciwcH20             0.000183 -0.037615   0.050713    0.028433    0.009143   
clwcH20            -0.008672 -0.132005   0.212446    0.096788    0.031858   
ddH10_rose4         1.000000  0.156658   0.160920    0.015570    0.085362   
ffH10               0.156658  1.000000   0.065334   -0.281920    0.075814   
flir1SOL0           0.160920  0.065334   1.000000    0.451435    0.568805   
fllat1SOL0          0.015570 -0.281920   0.451435    1.000000    0.600230   
flsen1SOL0          0.085362  0.075814   0.568805    0.600230    1.000000   
flvis1SOL0         -0.046802  0.075426  -0.625769   -0.751508   -0.827590   
hcoulimSOL0         0.111398  0.531345  -0.167958   -0.539693   -0.364400   
huH2                0.143247 -0.116943   0.710076    0.546952    0.575091   
iwcSOL0             0.014223 -0.000328   0.030399    0.032744    0.022788   
nbSOL0_HMoy         0.156884  0.166550   0.692066    0.067547    0.097963   
nH20               -0.006648 -0.146622   0.252838    0.119945    0.038668   
ntSOL0_HMoy         0.145784  0.157289   0.556196    0.043327    0.105092   
pMER0              -0.103147 -0.264635  -0.115723    0.107301   -0.068704   
rr1SOL0             0.031100  0.094141   0.184890   -0.033760    0.052839   
rrH20               0.042292  0.108731   0.169832   -0.025777    0.048091   
tH2                -0.073961  0.015509  -0.371036   -0.442034   -0.434616   
tH2_VGrad_2.100     0.038177 -0.256414   0.258335    0.519029    0.552951   
tH2_XGrad          -0.033067 -0.194398   0.038216    0.126785    0.209103   
tH2_YGrad           0.099173  0.035686   0.043231    0.030716   -0.017685   
tpwHPA850          -0.050284 -0.068198   0.045902   -0.105753   -0.109375   
ux1H10              0.540941  0.223372   0.166266   -0.073025    0.063790   
vapcSOL0            0.011706 -0.019113   0.210341   -0.079586   -0.058633   
vx1H10              0.434977  0.271256   0.215361    0.071773    0.185964   
ech                -0.013863 -0.003055   0.030671    0.060793    0.045142   
insee_31069001      0.117972  0.013392  -0.028072    0.021155   -0.057309   
insee_33281001      0.015072 -0.047805   0.017788   -0.005240   -0.012874   
insee_35281001      0.012863  0.013872   0.088610   -0.032568    0.049373   
insee_59343001      0.059335  0.219234   0.097519   -0.040411    0.115642   
insee_67124001     -0.068118 -0.103469   0.050021   -0.013769    0.042433   
insee_75114001      0.009867 -0.073483  -0.004129    0.142292   -0.174800   
mois_avril         -0.019330 -0.038612  -0.106099   -0.082754   -0.102161   
mois_décembre       0.021915  0.013342   0.095010    0.104531    0.104331   
mois_février        0.045584  0.123791   0.055438    0.050275    0.106483   
mois_janvier        0.100243  0.107368   0.153457    0.102974    0.143947   
mois_juillet        0.003961 -0.055320  -0.028316   -0.070042   -0.079975   
mois_juin          -0.070715 -0.039837  -0.078851   -0.031676   -0.071929   
mois_mai            0.020588  0.000096  -0.087951   -0.129360   -0.140330   
mois_mars          -0.049651  0.026123  -0.051316    0.004231    0.004881   
mois_novembre       0.018262  0.019403   0.109514    0.068908    0.089326   
mois_octobre       -0.054949 -0.066373   0.023428    0.040148    0.026967   
mois_septembre     -0.077281 -0.073758  -0.061837   -0.007664   -0.032553   

                      ...        mois_décembre  mois_février  mois_janvier  \
insee                 ...         1.355361e-17 -2.546606e-21  2.799000e-21   
tH2_obs               ...        -1.884230e-01 -2.974951e-01 -3.087204e-01   
capeinsSOL0           ...        -1.103585e-01 -8.877912e-02 -1.083163e-01   
ciwcH20               ...         4.745208e-02  2.244101e-02  3.606891e-02   
clwcH20               ...         4.183668e-02 -1.927316e-02  4.361307e-02   
ddH10_rose4           ...         2.191464e-02  4.558361e-02  1.002435e-01   
ffH10                 ...         1.334249e-02  1.237912e-01  1.073684e-01   
flir1SOL0             ...         9.501006e-02  5.543798e-02  1.534572e-01   
fllat1SOL0            ...         1.045309e-01  5.027520e-02  1.029742e-01   
flsen1SOL0            ...         1.043309e-01  1.064829e-01  1.439471e-01   
flvis1SOL0            ...        -1.109417e-01 -7.945825e-02 -1.371771e-01   
hcoulimSOL0           ...        -6.107754e-02  5.516951e-02  5.692279e-03   
huH2                  ...         1.364521e-01  7.877095e-02  1.638955e-01   
iwcSOL0               ...         5.064015e-02  3.408630e-02  4.780098e-02   
nbSOL0_HMoy           ...         7.906727e-02  6.795007e-02  1.472471e-01   
nH20                  ...         6.209979e-02 -1.367832e-02  6.974290e-02   
ntSOL0_HMoy           ...         5.761363e-02  5.268751e-02  1.200471e-01   
pMER0                 ...         2.731748e-01 -1.203872e-01 -4.941521e-02   
rr1SOL0               ...        -2.110339e-02  2.538495e-02  2.529945e-02   
rrH20                 ...        -1.687642e-02  2.710239e-02  3.006336e-02   
tH2                   ...        -1.939362e-01 -2.982277e-01 -2.771466e-01   
tH2_VGrad_2.100       ...         6.598557e-02  9.633159e-03  2.407104e-02   
tH2_XGrad             ...         3.031772e-02 -7.754431e-03 -5.681256e-03   
tH2_YGrad             ...        -7.946497e-02 -5.064189e-02 -7.873832e-02   
tpwHPA850             ...        -1.317108e-01 -3.098610e-01 -2.495290e-01   
ux1H10                ...         3.523291e-04  7.486307e-02  8.313835e-02   
vapcSOL0              ...        -1.247370e-01 -2.449250e-01 -1.932329e-01   
vx1H10                ...         9.033291e-02  6.457753e-02  1.844550e-01   
ech                   ...         7.122320e-03 -8.724278e-03 -1.007915e-02   
insee_31069001        ...         6.264489e-18 -3.393618e-17 -2.339868e-19   
insee_33281001        ...         6.074344e-18 -2.540049e-17 -2.072072e-19   
insee_35281001        ...         6.074344e-18 -2.540014e-17 -2.025208e-19   
insee_59343001        ...         6.074344e-18 -2.540014e-17 -2.025208e-19   
insee_67124001        ...         6.259735e-18 -1.692684e-17 -2.036924e-19   
insee_75114001        ...         6.324702e-18 -1.731781e-17 -3.387621e-19   
mois_avril            ...        -1.022047e-01 -1.195621e-01 -1.256229e-01   
mois_décembre         ...         1.000000e+00 -9.576183e-02 -1.006161e-01   
mois_février          ...        -9.576183e-02  1.000000e+00 -1.177037e-01   
mois_janvier          ...        -1.006161e-01 -1.177037e-01  1.000000e+00   
mois_juillet          ...        -6.750812e-02 -7.897298e-02 -8.297621e-02   
mois_juin             ...        -6.165656e-02 -7.212766e-02 -7.578389e-02   
mois_mai              ...        -1.000453e-01 -1.170360e-01 -1.229687e-01   
mois_mars             ...        -1.006161e-01 -1.177037e-01 -1.236702e-01   
mois_novembre         ...        -8.042239e-02 -9.408048e-02 -9.884953e-02   
mois_octobre          ...        -8.185965e-02 -9.576183e-02 -1.006161e-01   
mois_septembre        ...        -7.640583e-02 -8.938179e-02 -9.391266e-02   

                 mois_juillet     mois_juin      mois_mai     mois_mars  \
insee           -2.164586e-17 -6.514268e-18 -1.656479e-17  2.799000e-21   
tH2_obs          3.062711e-01  2.121163e-01  1.508084e-01 -1.937816e-01   
capeinsSOL0      1.869751e-01  1.238057e-01  5.792106e-02 -9.035510e-02   
ciwcH20         -1.118769e-02 -1.021795e-02 -1.657988e-02 -1.017183e-02   
clwcH20         -2.900385e-02 -3.212138e-02 -3.200157e-02 -1.858767e-02   
ddH10_rose4      3.960962e-03 -7.071474e-02  2.058757e-02 -4.965119e-02   
ffH10           -5.532037e-02 -3.983746e-02  9.619749e-05  2.612294e-02   
flir1SOL0       -2.831582e-02 -7.885063e-02 -8.795073e-02 -5.131557e-02   
fllat1SOL0      -7.004173e-02 -3.167566e-02 -1.293596e-01  4.231193e-03   
flsen1SOL0      -7.997502e-02 -7.192898e-02 -1.403296e-01  4.880532e-03   
flvis1SOL0       7.686239e-02  5.059260e-02  1.420426e-01  7.924229e-03   
hcoulimSOL0      9.635504e-05  7.934975e-03  6.606467e-02  1.798718e-02   
huH2            -6.830682e-02 -1.167049e-01 -9.671497e-02 -2.102737e-02   
iwcSOL0         -1.385519e-02 -1.265424e-02 -2.053305e-02 -1.025645e-02   
nbSOL0_HMoy     -5.931528e-02 -1.133090e-01 -2.755603e-02 -1.241549e-02   
nH20            -3.635260e-02 -3.994829e-02 -4.162162e-02 -2.158055e-02   
ntSOL0_HMoy     -6.022531e-02 -8.185043e-02 -4.455298e-04 -3.711019e-02   
pMER0           -3.529140e-02  1.914900e-02 -3.032781e-02  4.058150e-02   
rr1SOL0          1.129042e-02 -8.564198e-03 -1.391460e-03 -1.118584e-02   
rrH20            5.832535e-03 -1.284035e-02 -3.130053e-03 -8.018645e-03   
tH2              3.021506e-01  2.132499e-01  1.445740e-01 -1.983592e-01   
tH2_VGrad_2.100 -5.931706e-02 -2.621453e-02 -6.689619e-02  1.280950e-02   
tH2_XGrad       -2.047907e-02 -3.702703e-03 -1.596705e-02 -1.569483e-02   
tH2_YGrad        4.394199e-02  4.732894e-02  8.562073e-02 -2.940677e-03   
tpwHPA850        3.155564e-01  1.995686e-01  9.523676e-02 -2.524142e-01   
ux1H10           2.627926e-02 -3.537128e-02  1.986707e-02  3.461182e-04   
vapcSOL0         3.248882e-01  1.559537e-01  5.610039e-02 -2.431008e-01   
vx1H10          -7.174236e-02 -1.062147e-01 -4.032614e-02 -9.070619e-02   
ech              6.642986e-02  1.357140e-02 -9.602442e-03 -1.007915e-02   
insee_31069001   9.450625e-18  9.771088e-18 -4.951070e-19 -2.259530e-19   
insee_33281001   9.443360e-18  3.116284e-18 -3.653201e-19 -2.045293e-19   
insee_35281001   9.443360e-18  3.116030e-18  7.818320e-18 -2.051988e-19   
insee_59343001   9.443360e-18  3.116030e-18 -3.654882e-19 -2.051988e-19   
insee_67124001   9.445000e-18 -3.292746e-18 -3.670012e-19 -2.063704e-19   
insee_75114001  -2.412048e-18 -3.290902e-18 -5.030086e-19 -3.414400e-19   
mois_avril      -8.428634e-02 -7.698046e-02 -1.249102e-01 -1.256229e-01   
mois_décembre   -6.750812e-02 -6.165656e-02 -1.000453e-01 -1.006161e-01   
mois_février    -7.897298e-02 -7.212766e-02 -1.170360e-01 -1.177037e-01   
mois_janvier    -8.297621e-02 -7.578389e-02 -1.229687e-01 -1.236702e-01   
mois_juillet     1.000000e+00 -5.084701e-02 -8.250551e-02 -8.297621e-02   
mois_juin       -5.084701e-02  1.000000e+00 -7.535400e-02 -7.578389e-02   
mois_mai        -8.250551e-02 -7.535400e-02  1.000000e+00 -1.229687e-01   
mois_mars       -8.297621e-02 -7.578389e-02 -1.229687e-01  1.000000e+00   
mois_novembre   -6.632284e-02 -6.057402e-02 -9.828879e-02 -9.884953e-02   
mois_octobre    -6.750812e-02 -6.165656e-02 -1.000453e-01 -1.006161e-01   
mois_septembre  -6.301046e-02 -5.754876e-02 -9.337992e-02 -9.391266e-02   

                 mois_novembre  mois_octobre  mois_septembre  
insee             4.203297e-22  1.355361e-17   -2.196354e-22  
tH2_obs          -5.039482e-02  7.167053e-02    2.081000e-01  
capeinsSOL0      -7.217264e-02 -3.119366e-02    5.475936e-02  
ciwcH20          -1.119062e-02 -1.356608e-02   -1.266225e-02  
clwcH20           7.220104e-02  3.703580e-02   -7.945320e-03  
ddH10_rose4       1.826151e-02 -5.494915e-02   -7.728121e-02  
ffH10             1.940317e-02 -6.637344e-02   -7.375757e-02  
flir1SOL0         1.095140e-01  2.342810e-02   -6.183723e-02  
fllat1SOL0        6.890820e-02  4.014752e-02   -7.663925e-03  
flsen1SOL0        8.932613e-02  2.696689e-02   -3.255313e-02  
flvis1SOL0       -9.076424e-02 -3.269870e-02    1.653968e-02  
hcoulimSOL0      -2.440160e-02 -6.852654e-02   -3.141678e-02  
huH2              1.061700e-01  2.875928e-02   -7.324718e-02  
iwcSOL0          -1.637258e-02 -1.680067e-02   -1.568134e-02  
nbSOL0_HMoy       9.348395e-02 -2.061255e-02   -9.102626e-02  
nH20              8.218240e-02  2.890649e-02   -1.890555e-02  
ntSOL0_HMoy       8.404284e-02 -1.596896e-02   -9.464464e-02  
pMER0            -1.168151e-02  6.713605e-03    1.143620e-02  
rr1SOL0           9.729883e-03 -1.063259e-02   -1.598260e-02  
rrH20             9.975990e-03 -9.941425e-03   -1.908211e-02  
tH2              -4.740172e-02  7.459033e-02    2.087363e-01  
tH2_VGrad_2.100   3.155574e-02  3.541024e-02    1.070358e-02  
tH2_XGrad         1.074192e-02  2.275341e-02    1.465264e-02  
tH2_YGrad        -4.755515e-02 -1.552085e-02    5.870230e-03  
tpwHPA850         2.783184e-02  1.292928e-01    1.976144e-01  
ux1H10           -2.293155e-02 -8.444476e-02   -7.926435e-02  
vapcSOL0          1.389491e-02  1.082719e-01    1.663343e-01  
vx1H10            7.514804e-02 -1.187953e-04   -7.640477e-02  
ech               6.997269e-03  7.122320e-03   -3.911766e-02  
insee_31069001   -7.431992e-18  6.254190e-18   -1.071891e-17  
insee_33281001   -7.424753e-18  6.070383e-18   -1.052390e-17  
insee_35281001    2.750929e-18  6.070383e-18   -1.052432e-17  
insee_59343001   -7.424954e-18  6.070383e-18   -1.052432e-17  
insee_67124001   -7.425155e-18  6.255774e-18   -1.072090e-17  
insee_75114001   -7.431791e-18  6.320740e-18   -1.085697e-17  
mois_avril       -1.004103e-01 -1.022047e-01   -9.539546e-02  
mois_décembre    -8.042239e-02 -8.185965e-02   -7.640583e-02  
mois_février     -9.408048e-02 -9.576183e-02   -8.938179e-02  
mois_janvier     -9.884953e-02 -1.006161e-01   -9.391266e-02  
mois_juillet     -6.632284e-02 -6.750812e-02   -6.301046e-02  
mois_juin        -6.057402e-02 -6.165656e-02   -5.754876e-02  
mois_mai         -9.828879e-02 -1.000453e-01   -9.337992e-02  
mois_mars        -9.884953e-02 -1.006161e-01   -9.391266e-02  
mois_novembre     1.000000e+00 -8.042239e-02   -7.506433e-02  
mois_octobre     -8.042239e-02  1.000000e+00   -7.640583e-02  
mois_septembre   -7.506433e-02 -7.640583e-02    1.000000e+00  

[46 rows x 46 columns]