            tH2_obs   capeinsSOL0       ciwcH20       clwcH20  ddH10_rose4  \
insee                                                                        
6088001   32.757682  34265.970204  0.000000e+00  3.137459e-10     1.209925   
31069001  40.994617  26117.667275  3.557425e-13  1.090442e-09     1.132482   
33281001  36.103039  18317.220503  8.473835e-13  1.580804e-09     1.296379   
35281001  30.430990   9048.285588  1.302663e-12  1.776608e-09     1.230549   
59343001  32.792007  13121.938873  1.246690e-12  1.064718e-09     1.049033   
67124001  48.714696  19207.788682  3.898772e-12  2.338410e-09     1.282748   
75114001  34.082101   9272.562718  1.265134e-13  3.522044e-10     1.219145   

             ffH10     flir1SOL0    fllat1SOL0    flsen1SOL0    flvis1SOL0  \
insee                                                                        
6088001   5.952516  1.063342e+10  2.098338e+10  6.837198e+09  6.960839e+11   
31069001  4.322517  2.065183e+10  4.762191e+10  7.932001e+10  5.234678e+11   
33281001  2.720183  1.841560e+10  6.008258e+10  7.320880e+10  4.885372e+11   
35281001  3.724139  1.541931e+10  7.222613e+10  4.841038e+10  4.021274e+11   
59343001  5.824866  1.468533e+10  8.226044e+10  3.416253e+10  3.495879e+11   
67124001  3.305553  1.635935e+10  7.552785e+10  3.952798e+10  4.128867e+11   
75114001  1.878710  1.987436e+10  1.287399e+10  9.474283e+10  4.340793e+11   

               ...        mois_décembre  mois_février  mois_janvier  \
insee          ...                                                    
6088001        ...             0.069943      0.090595       0.09795   
31069001       ...             0.069943      0.090595       0.09795   
33281001       ...             0.069943      0.090595       0.09795   
35281001       ...             0.069943      0.090595       0.09795   
59343001       ...             0.069943      0.090595       0.09795   
67124001       ...             0.069943      0.090595       0.09795   
75114001       ...             0.069943      0.090595       0.09795   

          mois_juillet  mois_juin  mois_mai  mois_mars  mois_novembre  \
insee                                                                   
6088001       0.049957   0.042411  0.097083    0.09795       0.067865   
31069001      0.049957   0.042411  0.097083    0.09795       0.067865   
33281001      0.049957   0.042411  0.097083    0.09795       0.067865   
35281001      0.049957   0.042411  0.097083    0.09795       0.067865   
59343001      0.049957   0.042411  0.097083    0.09795       0.067865   
67124001      0.049957   0.042411  0.097083    0.09795       0.067865   
75114001      0.049957   0.042411  0.097083    0.09795       0.067865   

          mois_octobre  mois_septembre  
insee                                   
6088001       0.069943        0.062139  
31069001      0.069943        0.062139  
33281001      0.069943        0.062139  
35281001      0.069943        0.062139  
59343001      0.069943        0.062139  
67124001      0.069943        0.062139  
75114001      0.069943        0.062139  

[7 rows x 45 columns]