            tH2_obs  capeinsSOL0       ciwcH20   clwcH20  ddH10_rose4  \
insee                                                                   
6088001   15.245808    89.533997  0.000000e+00  0.000002     2.260279   
31069001  12.852186    75.654732  2.152439e-08  0.000005     2.985959   
33281001  12.731439    68.179001  3.471724e-08  0.000007     2.704136   
35281001  10.950459    42.961226  5.820061e-08  0.000008     2.698085   
59343001  10.201842    44.195050  5.528635e-08  0.000005     2.825363   
67124001  10.423797    57.719645  1.704940e-07  0.000011     2.476295   
75114001  11.641246    44.500381  1.007613e-08  0.000002     2.689879   

             ffH10      flir1SOL0     fllat1SOL0     flsen1SOL0  \
insee                                                             
6088001   3.307932 -289940.122254 -188628.260870  -49929.845463   
31069001  3.484375 -226940.950093 -135707.464736 -105054.011934   
33281001  3.177042 -212022.524458 -150789.976537  -79227.791958   
35281001  3.486788 -188983.950545 -166405.830663  -43049.006421   
59343001  4.518131 -186085.954417 -170887.594200   -4532.701054   
67124001  2.897494 -201537.020376 -155663.546807  -47083.009223   
75114001  3.048084 -219152.303090  -66487.842835 -173341.184236   

             flvis1SOL0       ...        mois_décembre  mois_février  \
insee                         ...                                      
6088001   533919.520182       ...             0.075666       0.10074   
31069001  444257.586655       ...             0.075666       0.10074   
33281001  423537.852976       ...             0.075666       0.10074   
35281001  372131.215328       ...             0.075666       0.10074   
59343001  347485.370426       ...             0.075666       0.10074   
67124001  390959.294583       ...             0.075666       0.10074   
75114001  388040.106114       ...             0.075666       0.10074   

          mois_janvier  mois_juillet  mois_juin  mois_mai  mois_mars  \
insee                                                                  
6088001       0.110059      0.052737   0.044379   0.10895   0.110059   
31069001      0.110059      0.052737   0.044379   0.10895   0.110059   
33281001      0.110059      0.052737   0.044379   0.10895   0.110059   
35281001      0.110059      0.052737   0.044379   0.10895   0.110059   
59343001      0.110059      0.052737   0.044379   0.10895   0.110059   
67124001      0.110059      0.052737   0.044379   0.10895   0.110059   
75114001      0.110059      0.052737   0.044379   0.10895   0.110059   

          mois_novembre  mois_octobre  mois_septembre  
insee                                                  
6088001        0.073225      0.075666        0.066568  
31069001       0.073225      0.075666        0.066568  
33281001       0.073225      0.075666        0.066568  
35281001       0.073225      0.075666        0.066568  
59343001       0.073225      0.075666        0.066568  
67124001       0.073225      0.075666        0.066568  
75114001       0.073225      0.075666        0.066568  

[7 rows x 45 columns]