                          capeinsSOL0   ciwcH20   clwcH20  ddH10_rose4  \
insee                                                                    
6088001  capeinsSOL0         1.000000       NaN -0.037180     0.030677   
         ciwcH20                  NaN       NaN       NaN          NaN   
         clwcH20            -0.037180       NaN  1.000000     0.001657   
         ddH10_rose4         0.030677       NaN  0.001657     1.000000   
         ech                 0.014081       NaN  0.023022    -0.060863   
         ffH10              -0.002856       NaN -0.053846     0.083449   
         flir1SOL0           0.148842       NaN  0.135134    -0.166084   
         fllat1SOL0          0.036931       NaN  0.076265    -0.067579   
         flsen1SOL0         -0.135211       NaN -0.020344    -0.075482   
         flvis1SOL0          0.142997       NaN -0.016437     0.169375   
         hcoulimSOL0         0.004574       NaN -0.041171     0.042400   
         huH2                0.201394       NaN  0.165779    -0.034732   
         insee_31069001           NaN       NaN       NaN          NaN   
         insee_33281001           NaN       NaN       NaN          NaN   
         insee_35281001           NaN       NaN       NaN          NaN   
         insee_59343001           NaN       NaN       NaN          NaN   
         insee_67124001           NaN       NaN       NaN          NaN   
         insee_75114001           NaN       NaN       NaN          NaN   
         iwcSOL0                  NaN       NaN       NaN          NaN   
         mois_avril         -0.094256       NaN  0.046464     0.050679   
         mois_décembre      -0.115770       NaN -0.024744    -0.071770   
         mois_février       -0.123257       NaN -0.028968     0.025469   
         mois_janvier       -0.119278       NaN -0.011873     0.017133   
         mois_juillet        0.329581       NaN -0.005306     0.025549   
         mois_juin           0.251384       NaN -0.018199    -0.001850   
         mois_mai           -0.037084       NaN  0.063046     0.069517   
         mois_mars          -0.137148       NaN -0.008995     0.022282   
         mois_novembre      -0.053337       NaN  0.024126    -0.084195   
         mois_octobre        0.007901       NaN -0.024568    -0.061232   
         mois_septembre      0.092854       NaN -0.022424    -0.043364   
...                               ...       ...       ...          ...   
75114001 insee_59343001           NaN       NaN       NaN          NaN   
         insee_67124001           NaN       NaN       NaN          NaN   
         insee_75114001           NaN       NaN       NaN          NaN   
         iwcSOL0            -0.025345  0.011427  0.004821    -0.004741   
         mois_avril          0.028121 -0.010120 -0.026044    -0.048828   
         mois_décembre      -0.111913  0.014461  0.006396     0.090367   
         mois_février       -0.085728 -0.000880 -0.021199     0.042818   
         mois_janvier       -0.116520  0.051905  0.053615     0.135197   
         mois_juillet        0.163191 -0.006684 -0.029322    -0.037730   
         mois_juin           0.083860 -0.006105 -0.025975    -0.130581   
         mois_mai            0.118071 -0.009906 -0.030342     0.005441   
         mois_mars          -0.078748 -0.009962 -0.027834    -0.079634   
         mois_novembre      -0.093901 -0.006389  0.076224     0.067893   
         mois_octobre       -0.065067 -0.008105  0.056896    -0.028963   
         mois_septembre      0.022754 -0.007565 -0.006126    -0.108138   
         nH20               -0.055776  0.169355  0.900858     0.023099   
         nbSOL0_HMoy        -0.044199  0.036288  0.166108     0.162612   
         ntSOL0_HMoy         0.026728  0.019710  0.090898     0.195198   
         pMER0              -0.155640  0.035451  0.033631    -0.167096   
         rr1SOL0             0.087063 -0.004710 -0.018683     0.039204   
         rrH20               0.101774 -0.004047 -0.017885     0.045366   
         tH2                 0.456794 -0.053637 -0.107009    -0.076130   
         tH2_VGrad_2.100    -0.337381  0.031416  0.074028     0.138432   
         tH2_XGrad          -0.293888  0.005774  0.024492     0.209238   
         tH2_YGrad          -0.257092  0.010435 -0.011439     0.175782   
         tH2_obs             0.442442 -0.048416 -0.088466    -0.067061   
         tpwHPA850           0.338537 -0.040907 -0.031841    -0.049493   
         ux1H10              0.023318 -0.006615 -0.059786     0.595601   
         vapcSOL0            0.366682 -0.038121 -0.046246     0.007318   
         vx1H10             -0.029353  0.011766  0.037155     0.509106   

                               ech     ffH10  flir1SOL0  fllat1SOL0  \
insee                                                                 
6088001  capeinsSOL0      0.014081 -0.002856   0.148842    0.036931   
         ciwcH20               NaN       NaN        NaN         NaN   
         clwcH20          0.023022 -0.053846   0.135134    0.076265   
         ddH10_rose4     -0.060863  0.083449  -0.166084   -0.067579   
         ech              1.000000 -0.015397   0.015694    0.036778   
         ffH10           -0.015397  1.000000   0.063300   -0.684558   
         flir1SOL0        0.015694  0.063300   1.000000    0.239903   
         fllat1SOL0       0.036778 -0.684558   0.239903    1.000000   
         flsen1SOL0       0.053781 -0.084760   0.281119    0.196112   
         flvis1SOL0      -0.072027  0.147226  -0.354097   -0.252560   
         hcoulimSOL0     -0.034538  0.525834   0.094323   -0.496705   
         huH2             0.008888 -0.223245   0.494287    0.589044   
         insee_31069001        NaN       NaN        NaN         NaN   
         insee_33281001        NaN       NaN        NaN         NaN   
         insee_35281001        NaN       NaN        NaN         NaN   
         insee_59343001        NaN       NaN        NaN         NaN   
         insee_67124001        NaN       NaN        NaN         NaN   
         insee_75114001        NaN       NaN        NaN         NaN   
         iwcSOL0               NaN       NaN        NaN         NaN   
         mois_avril       0.026898  0.006575   0.010455    0.120048   
         mois_décembre    0.007122 -0.064809  -0.040536    0.012944   
         mois_février    -0.008724  0.046688   0.012744    0.002438   
         mois_janvier    -0.010079  0.019315  -0.010849   -0.003025   
         mois_juillet     0.066430 -0.070258   0.036731    0.030356   
         mois_juin        0.013571 -0.045681   0.041031    0.058271   
         mois_mai        -0.009602  0.049751  -0.014540    0.102861   
         mois_mars       -0.010079  0.033272  -0.072741    0.040549   
         mois_novembre    0.006997  0.042900   0.045853   -0.112224   
         mois_octobre     0.007122 -0.016457   0.004614   -0.125863   
         mois_septembre  -0.039118  0.002828  -0.008534   -0.170046   
...                            ...       ...        ...         ...   
75114001 insee_59343001        NaN       NaN        NaN         NaN   
         insee_67124001        NaN       NaN        NaN         NaN   
         insee_75114001        NaN       NaN        NaN         NaN   
         iwcSOL0          0.045118  0.011305   0.037946    0.016938   
         mois_avril       0.026898 -0.080708  -0.144139   -0.081761   
         mois_décembre    0.007122  0.040215   0.160247    0.100158   
         mois_février    -0.008724  0.183598   0.095564    0.023408   
         mois_janvier    -0.010079  0.153962   0.202727    0.087617   
         mois_juillet     0.066430 -0.046509  -0.056880   -0.074743   
         mois_juin        0.013571 -0.023373  -0.117166   -0.041028   
         mois_mai        -0.009602 -0.009169  -0.114708   -0.136357   
         mois_mars       -0.010079 -0.005159  -0.064412    0.011387   
         mois_novembre    0.006997  0.012728   0.127660    0.074807   
         mois_octobre     0.007122 -0.110860   0.050958    0.056558   
         mois_septembre  -0.039118 -0.098389  -0.089420    0.024111   
         nH20            -0.060798 -0.108561   0.196749    0.087892   
         nbSOL0_HMoy      0.034117  0.245453   0.670357   -0.104508   
         ntSOL0_HMoy      0.011392  0.177673   0.525158   -0.103087   
         pMER0            0.016903 -0.305988  -0.200148    0.188730   
         rr1SOL0         -0.003372  0.080348   0.176128   -0.157708   
         rrH20           -0.005302  0.103336   0.175214   -0.111321   
         tH2              0.008551 -0.063619  -0.413494   -0.314024   
         tH2_VGrad_2.100 -0.008076 -0.046293   0.446135    0.555187   
         tH2_XGrad        0.030856  0.083299   0.364442    0.252446   
         tH2_YGrad       -0.019009 -0.231030   0.194643    0.400516   
         tH2_obs          0.006045 -0.055956  -0.403700   -0.325405   
         tpwHPA850        0.017876 -0.056392   0.014218   -0.112287   
         ux1H10           0.014121  0.408778   0.181929   -0.209317   
         vapcSOL0         0.004282 -0.016998   0.165772   -0.131087   
         vx1H10          -0.025598  0.327492   0.260651   -0.017991   

                          flsen1SOL0  flvis1SOL0    ...        rrH20  \
insee                                               ...                
6088001  capeinsSOL0       -0.135211    0.142997    ...     0.036976   
         ciwcH20                 NaN         NaN    ...          NaN   
         clwcH20           -0.020344   -0.016437    ...    -0.008548   
         ddH10_rose4       -0.075482    0.169375    ...    -0.031515   
         ech                0.053781   -0.072027    ...    -0.018378   
         ffH10             -0.084760    0.147226    ...     0.075591   
         flir1SOL0          0.281119   -0.354097    ...     0.193555   
         fllat1SOL0         0.196112   -0.252560    ...    -0.041108   
         flsen1SOL0         1.000000   -0.788609    ...    -0.003380   
         flvis1SOL0        -0.788609    1.000000    ...    -0.056953   
         hcoulimSOL0        0.038026    0.038810    ...     0.152982   
         huH2              -0.057772   -0.078535    ...     0.102708   
         insee_31069001          NaN         NaN    ...          NaN   
         insee_33281001          NaN         NaN    ...          NaN   
         insee_35281001          NaN         NaN    ...          NaN   
         insee_59343001          NaN         NaN    ...          NaN   
         insee_67124001          NaN         NaN    ...          NaN   
         insee_75114001          NaN         NaN    ...          NaN   
         iwcSOL0                 NaN         NaN    ...          NaN   
         mois_avril        -0.047948    0.104836    ...    -0.023136   
         mois_décembre      0.024035   -0.105287    ...    -0.018404   
         mois_février       0.055512   -0.078436    ...     0.042062   
         mois_janvier       0.025505   -0.124377    ...     0.023951   
         mois_juillet      -0.050534    0.083228    ...    -0.016887   
         mois_juin          0.004013    0.028643    ...    -0.006652   
         mois_mai          -0.110274    0.144768    ...    -0.023848   
         mois_mars          0.071675    0.009304    ...    -0.018557   
         mois_novembre      0.046877   -0.087068    ...     0.047687   
         mois_octobre       0.021115   -0.033691    ...     0.018572   
         mois_septembre     0.010785   -0.000266    ...    -0.001206   
...                              ...         ...    ...          ...   
75114001 insee_59343001          NaN         NaN    ...          NaN   
         insee_67124001          NaN         NaN    ...          NaN   
         insee_75114001          NaN         NaN    ...          NaN   
         iwcSOL0            0.025833   -0.029325    ...     0.002293   
         mois_avril        -0.135029    0.114846    ...    -0.006947   
         mois_décembre      0.130016   -0.119154    ...    -0.010205   
         mois_février       0.108980   -0.084980    ...     0.015972   
         mois_janvier       0.167820   -0.146614    ...     0.007549   
         mois_juillet      -0.083867    0.076802    ...     0.036354   
         mois_juin         -0.085679    0.061523    ...    -0.004632   
         mois_mai          -0.164061    0.140491    ...     0.015246   
         mois_mars         -0.015213    0.013055    ...    -0.007252   
         mois_novembre      0.117679   -0.094679    ...    -0.003245   
         mois_octobre       0.057444   -0.039206    ...    -0.011441   
         mois_septembre    -0.028613    0.025688    ...    -0.025949   
         nH20               0.046790   -0.081612    ...    -0.020132   
         nbSOL0_HMoy        0.121788   -0.152186    ...     0.190305   
         ntSOL0_HMoy        0.104782   -0.119327    ...     0.141913   
         pMER0             -0.062000    0.046756    ...    -0.161003   
         rr1SOL0            0.037950   -0.061259    ...     0.624685   
         rrH20              0.042403   -0.055594    ...     1.000000   
         tH2               -0.474872    0.434194    ...     0.001930   
         tH2_VGrad_2.100    0.773126   -0.790197    ...    -0.011189   
         tH2_XGrad          0.453484   -0.433336    ...     0.067906   
         tH2_YGrad          0.487747   -0.505284    ...    -0.045154   
         tH2_obs           -0.473103    0.446358    ...     0.004547   
         tpwHPA850         -0.127290    0.089801    ...     0.080460   
         ux1H10             0.091448   -0.056468    ...     0.067432   
         vapcSOL0          -0.054177    0.021840    ...     0.170320   
         vx1H10             0.180720   -0.106531    ...     0.071466   

                               tH2  tH2_VGrad_2.100  tH2_XGrad  tH2_YGrad  \
insee                                                                       
6088001  capeinsSOL0      0.511066        -0.067441  -0.226999   0.257692   
         ciwcH20               NaN              NaN        NaN        NaN   
         clwcH20         -0.041027         0.043973  -0.029377   0.027707   
         ddH10_rose4      0.039086        -0.034745  -0.226740   0.203760   
         ech             -0.002040         0.090382   0.022676  -0.029781   
         ffH10            0.014094        -0.168778  -0.232905   0.185151   
         flir1SOL0        0.072784        -0.062932  -0.020144  -0.081723   
         fllat1SOL0      -0.091163         0.209793   0.107737  -0.138074   
         flsen1SOL0      -0.074785         0.352892   0.255094  -0.519709   
         flvis1SOL0       0.257073        -0.271829  -0.523603   0.797568   
         hcoulimSOL0     -0.054848        -0.178179  -0.123454   0.074782   
         huH2             0.030518        -0.079310  -0.056299   0.023765   
         insee_31069001        NaN              NaN        NaN        NaN   
         insee_33281001        NaN              NaN        NaN        NaN   
         insee_35281001        NaN              NaN        NaN        NaN   
         insee_59343001        NaN              NaN        NaN        NaN   
         insee_67124001        NaN              NaN        NaN        NaN   
         insee_75114001        NaN              NaN        NaN        NaN   
         iwcSOL0               NaN              NaN        NaN        NaN   
         mois_avril      -0.115149         0.052676  -0.148344   0.147564   
         mois_décembre   -0.197752        -0.009418   0.193459  -0.202752   
         mois_février    -0.350485        -0.056759   0.101571  -0.120214   
         mois_janvier    -0.358562        -0.042764   0.153376  -0.193233   
         mois_juillet     0.382515        -0.022413  -0.115887   0.135713   
         mois_juin        0.262646         0.084923  -0.134290   0.146857   
         mois_mai         0.078941         0.077190  -0.172137   0.218277   
         mois_mars       -0.265014         0.066314  -0.000186  -0.010687   
         mois_novembre   -0.036427        -0.038461   0.118823  -0.129596   
         mois_octobre     0.157290        -0.055455   0.064517  -0.070422   
         mois_septembre   0.327469        -0.053789   0.005755  -0.006441   
...                            ...              ...        ...        ...   
75114001 insee_59343001        NaN              NaN        NaN        NaN   
         insee_67124001        NaN              NaN        NaN        NaN   
         insee_75114001        NaN              NaN        NaN        NaN   
         iwcSOL0         -0.110582         0.010347   0.029582  -0.004604   
         mois_avril       0.005830        -0.093429  -0.129430   0.025754   
         mois_décembre   -0.210071         0.138996   0.106053   0.045946   
         mois_février    -0.328788         0.066776   0.094577   0.014227   
         mois_janvier    -0.324419         0.132479   0.105651   0.025776   
         mois_juillet     0.335216        -0.119984  -0.108027  -0.113023   
         mois_juin        0.219052        -0.102774  -0.147616  -0.099607   
         mois_mai         0.173141        -0.145234  -0.102743  -0.030681   
         mois_mars       -0.201550        -0.000150  -0.012986  -0.011852   
         mois_novembre   -0.056349         0.114376   0.072513   0.035992   
         mois_octobre     0.059693         0.085680   0.086037   0.062957   
         mois_septembre   0.212800        -0.018863  -0.008193   0.010346   
         nH20            -0.149624         0.080682   0.026300  -0.012482   
         nbSOL0_HMoy     -0.234699        -0.053663   0.137936  -0.185069   
         ntSOL0_HMoy     -0.080128        -0.023142   0.041014  -0.096605   
         pMER0           -0.058257         0.034280  -0.034935   0.055297   
         rr1SOL0          0.014265        -0.008144   0.028732  -0.033059   
         rrH20            0.001930        -0.011189   0.067906  -0.045154   
         tH2              1.000000        -0.410072  -0.443314  -0.260376   
         tH2_VGrad_2.100 -0.410072         1.000000   0.366546   0.702652   
         tH2_XGrad       -0.443314         0.366546   1.000000   0.254742   
         tH2_YGrad       -0.260376         0.702652   0.254742   1.000000   
         tH2_obs          0.976138        -0.422901  -0.439583  -0.277125   
         tpwHPA850        0.809004        -0.135471  -0.270847  -0.116992   
         ux1H10          -0.065586         0.013076   0.284221  -0.018440   
         vapcSOL0         0.702233        -0.116248  -0.177806  -0.140444   
         vx1H10          -0.079869         0.194535   0.039693   0.197722   

                           tH2_obs  tpwHPA850    ux1H10  vapcSOL0    vx1H10  
insee                                                                        
6088001  capeinsSOL0      0.491883   0.495599 -0.108643  0.541648  0.135875  
         ciwcH20               NaN        NaN       NaN       NaN       NaN  
         clwcH20          0.003503   0.020456 -0.008550 -0.021084  0.027114  
         ddH10_rose4      0.101190  -0.004491  0.391799 -0.057383  0.540904  
         ech              0.006121   0.037673  0.028541  0.018565 -0.042694  
         ffH10            0.041189  -0.045650 -0.214647 -0.006521  0.101207  
         flir1SOL0        0.054146   0.363018 -0.230231  0.506475 -0.193657  
         fllat1SOL0      -0.079515   0.141622  0.014286  0.125634 -0.025030  
         flsen1SOL0      -0.199335  -0.021462  0.097583 -0.026549 -0.336349  
         flvis1SOL0       0.417445   0.114730 -0.095008  0.051400  0.427849  
         hcoulimSOL0     -0.043726  -0.142228 -0.088123 -0.072727 -0.023767  
         huH2             0.092418   0.369500 -0.172125  0.399877  0.097747  
         insee_31069001        NaN        NaN       NaN       NaN       NaN  
         insee_33281001        NaN        NaN       NaN       NaN       NaN  
         insee_35281001        NaN        NaN       NaN       NaN       NaN  
         insee_59343001        NaN        NaN       NaN       NaN       NaN  
         insee_67124001        NaN        NaN       NaN       NaN       NaN  
         insee_75114001        NaN        NaN       NaN       NaN       NaN  
         iwcSOL0               NaN        NaN       NaN       NaN       NaN  
         mois_avril      -0.026613  -0.057928 -0.048314 -0.107010  0.094483  
         mois_décembre   -0.237619  -0.184495  0.037132 -0.139910 -0.099944  
         mois_février    -0.329929  -0.327269  0.043331 -0.252086 -0.032536  
         mois_janvier    -0.376520  -0.313392  0.100466 -0.245156 -0.016517  
         mois_juillet     0.360103   0.353623 -0.026925  0.346911  0.044677  
         mois_juin        0.247966   0.252117 -0.007122  0.217498  0.010697  
         mois_mai         0.144398   0.117674 -0.054757  0.040521  0.090753  
         mois_mars       -0.215358  -0.270746 -0.018321 -0.254216 -0.003424  
         mois_novembre   -0.081621  -0.027414 -0.031732 -0.032948 -0.097255  
         mois_octobre     0.108361   0.128593 -0.001265  0.127954 -0.064714  
         mois_septembre   0.277067   0.236704 -0.011699  0.224225 -0.010811  
...                            ...        ...       ...       ...       ...  
75114001 insee_59343001        NaN        NaN       NaN       NaN       NaN  
         insee_67124001        NaN        NaN       NaN       NaN       NaN  
         insee_75114001        NaN        NaN       NaN       NaN       NaN  
         iwcSOL0         -0.128442  -0.127393  0.002968 -0.087130 -0.021225  
         mois_avril       0.008044  -0.107182 -0.060109 -0.126934 -0.090495  
         mois_décembre   -0.185357  -0.108638  0.059685 -0.103997  0.124509  
         mois_février    -0.320401  -0.311760  0.073821 -0.249427  0.109476  
         mois_janvier    -0.340357  -0.259001  0.092411 -0.199165  0.246807  
         mois_juillet     0.339654   0.336260  0.019209  0.344120 -0.116655  
         mois_juin        0.213864   0.184374 -0.074205  0.142585 -0.159566  
         mois_mai         0.161009   0.100970  0.030050  0.074253 -0.056916  
         mois_mars       -0.198496  -0.263800 -0.025393 -0.262945 -0.120800  
         mois_novembre   -0.049218   0.046764  0.008069  0.035971  0.108446  
         mois_octobre     0.056294   0.118754 -0.079185  0.101649  0.004015  
         mois_septembre   0.209419   0.188461 -0.117012  0.148464 -0.106376  
         nH20            -0.128600  -0.058090 -0.064767 -0.068969  0.047372  
         nbSOL0_HMoy     -0.227010  -0.019555  0.255339  0.088908  0.201936  
         ntSOL0_HMoy     -0.075245   0.110926  0.155842  0.231709  0.319785  
         pMER0           -0.039660  -0.138514 -0.153516 -0.196077 -0.330855  
         rr1SOL0          0.021837   0.088025  0.084493  0.172799  0.061393  
         rrH20            0.004547   0.080460  0.067432  0.170320  0.071466  
         tH2              0.976138   0.809004 -0.065586  0.702233 -0.079869  
         tH2_VGrad_2.100 -0.422901  -0.135471  0.013076 -0.116248  0.194535  
         tH2_XGrad       -0.439583  -0.270847  0.284221 -0.177806  0.039693  
         tH2_YGrad       -0.277125  -0.116992 -0.018440 -0.140444  0.197722  
         tH2_obs          1.000000   0.805949 -0.057898  0.697202 -0.068735  
         tpwHPA850        0.805949   1.000000 -0.094512  0.897543  0.076121  
         ux1H10          -0.057898  -0.094512  1.000000 -0.000580  0.208391  
         vapcSOL0         0.697202   0.897543 -0.000580  1.000000  0.092470  
         vx1H10          -0.068735   0.076121  0.208391  0.092470  1.000000  

[315 rows x 45 columns]